11101001111010111101111101101111
10011100011110010111011111101001
11000111111011110100111001011101
10111010011100001110111111000100
11011111000111111011111111110000
11110001110110111100111101101110
00011100100011101100001111100010
01110100111000111101010011111110
10111101111111000111000011100101
11100111110001110110111011111101
00111000111101111110001111010011
10110111100111110000101101110010
11011101111110010111000000111011
10100111000011101001110010111100
11110001111000001010000110101001
11100011101101110100111001011101
10111000111101001110000111100100
01100100011111011010101111001111
10100000010101000111010011101111
10010001101001101110011001111111
00110010100100101110010011000000
xxxx
11111000111111111111001111111111
11111110000000100000000000001000
01100000000000000000000000000010
11010000111111111111001000111111
00000000000000000000000000000000
11010000111111111111001000000000
11011111111111111111111111111101
11101111111111111111111111110111
00000000011111100000000000011100
11111000000000000111111111111111
01010000000000000000000000000010
11111111111111111000000000000000
00000000000000001000000000000000
01111000000000000111111111111111
11100001111111111111111111110111
11100000111111111111001111111111
