Code:
00000000000000000000000000000000  --> 111 0100
01010000000000000000000000000010  --> 111 1010
11111111111111111000000000000000  --> 111 1011
11011111111111111111111111111101  --> 111 0110
00000000000000001000000000000000  --> 111 1100
11111110000000100000000000001000  --> 111 0001
01100000000000000000000000000010  --> 111 0010
11101111111111111111111111110111  --> 111 0111
00000000000000000000000000000000  --> 111 0100
11111110000000100000000000001000  --> 111 0001
01111000000000000111111111111111  --> 111 1101
00000000000000000000000000000000  --> 111 0100
01100000000000000000000000000010  --> 111 0010
11011111111111111111111111111101  --> 111 0110
00000000000000000000000000000000  --> 111 0100
11111000111111111111001111111111  --> 111 0000
11101111111111111111111111110111  --> 111 0111
11111110000000100000000000001000  --> 111 0001
11111110000000100000000000001000  
11111110000000100000000000001000  
11111110000000100000000000001000  
11111110000000100000000000001000  
11111110000000100000000000001000  
11111110000000100000000000001000  --> 001 101
00000000011111100000000000011100  --> 111 1000
11100001111111111111111111110111  --> 111 1110
11100000111111111111001111111111  --> 111 1111
11111000111111111111001111111111  --> 111 0000
00000000011111100000000000011100  --> 111 1000
11011111111111111111111111111101  --> 111 0110
11111000000000000111111111111111  --> 111 1001
11011111111111111111111111111101  --> 111 0110
11111000111111111111001111111111  --> 111 0000
01100000000000000000000000000010  --> 111 0010
01100000000000000000000000000010  
01100000000000000000000000000010  
01100000000000000000000000000010  
01100000000000000000000000000010  
01100000000000000000000000000010  
01100000000000000000000000000010  
01100000000000000000000000000010  --> 001 110
00010000000000000000000000001000  --> 110 00011 11100 0100
00000000000000000000000000000000  --> 111 0100
11111110000000100000000000001000  --> 111 0001
11010000111111111111001000000000  --> 111 0101
11010000111111111111001000000000  
11010000111111111111001000000000  
11010000111111111111001000000000  
11010000111111111111001000000000  
11010000111111111111001000000000  
11010000111111111111001000000000  
11010000111111111111001000000000  
11010000111111111111001000000000  --> 001 111
11010000111111111111001000000000  --> 111 0101
11101111111111111111111111110111  --> 111 0111
00000000011111100000000000011100  --> 111 1000
11111000111111111111001111111111  --> 111 0000
01100000000000000000000000000010  --> 111 0010
11111000000000000111111111111111  --> 111 1001
00000000011111100000000000011100  --> 111 1000
11011111111111111111111111111101  --> 111 0110
11101111111111111111111111110111  --> 111 0111
00000000000000000000000000000000  --> 111 0100
11111110000000100000000000001000  --> 111 0001
11101111111111111111111111110111  --> 111 0111
11111110000000100000000000001000  --> 111 0001
00000000000000000000000000000000  --> 111 0100
11011111111111111111111111111101  --> 111 0110
11111000000000000111111111111111  --> 111 1001
00000000011111100000000000011100  --> 111 1000
11011111111111111111111111101111  --> 010 11011 1001 0110 
11101111111111111111111111110111  --> 111 0111
01100000000000000000000000000010  --> 111 0010
11111000111111111111001111111111  --> 111 0000
11111000111111111111001111111111  
11111000111111111111001111111111  
11111000111111111111001111111111  
11111000111111111111001111111111  
11111000111111111111001111111111  
11111000111111111111001111111111  
11111000111111111111001111111111  --> 001 110
00000000000000000000000000000000  --> 111 0100
11111000111111111111001111111111  --> 111 0000
00000000000000000000000000000000  --> 111 0100
01100000000000000000000000000010  --> 111 0010
11111000000000000111111111111111  --> 111 1001
11111110000000100000000000001000  --> 111 0001
11111000111111111111001111111111  --> 111 0000
00000000000000001101000000000000  --> 010 10000 1101 0100 
00000000011111100000000000011100  --> 111 1000
11011111111111111111111111111101  --> 111 0110
00000000000000000000000000000000  --> 111 0100
01100000000000000000000000000010  --> 111 0010
11011111111111111111111111111101  --> 111 0110
11111110000000100000000000001000  --> 111 0001
00000000000000000000000000000000  --> 111 0100
11111000111111111111001111111111  --> 111 0000
11111000000000000111111111111111  --> 111 1001
11001000111110110101011110011111  --> 000 11001000111110110101011110011111 
10100000011111100000000000011100  --> 010 00000 1010 1000 
00000000000000000000000000000000  --> 111 0100
11101111111111111111111111110111  --> 111 0111
11011111011111111111111111011101  --> 110 01000 11010 0110
11010000111111111111001000111111  --> 111 0011
11010000111111111111001000111111  
11010000111111111111001000111111  
11010000111111111111001000111111 
11010000111111111111001000111111  
11010000111111111111001000111111  
11010000111111111111001000111111  
11010000111111111111001000111111  
11010000111111111111001000111111  --> 001 111
11010000111111111111001000111111  --> 111 0011
11010000111111111111001000111111
11010000111111111111001000111111
11010000111111111111001000111111  --> 001 010
11010000111011011111001000111111  --> 010 01011 1001 0011

Dictionary:
11111000111111111111001111111111 --> 0000
11111110000000100000000000001000 --> 0001
01100000000000000000000000000010 --> 0010
11010000111111111111001000111111 --> 0011
00000000000000000000000000000000 --> 0100
11010000111111111111001000000000 --> 0101
11011111111111111111111111111101 --> 0110
11101111111111111111111111110111 --> 0111
00000000011111100000000000011100 --> 1000
11111000000000000111111111111111 --> 1001
01010000000000000000000000000010 --> 1010
11111111111111111000000000000000 --> 1011
00000000000000001000000000000000 --> 1100
01111000000000000111111111111111 --> 1101
11100001111111111111111111110111 --> 1110
11100000111111111111001111111111 --> 1111
